57.9776002 74.6028977 -5.563756
60.7425995 74.6772995 -5.5954461
60.8857002 77.0607986 -7.317626
63.5294991 74.7406998 -5.5874458
59.4085007 79.4727021 -6.4193258
62.3209992 79.3497009 -6.4610462
57.9054986 81.7424011 -5.5994358
60.7626992 81.7807999 -5.6945458
63.5980988 81.7680969 -5.7306957
58.0163002 69.8812028 -2.0454681
60.7737007 70.0140991 -2.232698
63.5797997 70.0149002 -2.4286881
53.8642006 72.0477982 -1.409888
55.2256012 72.0808029 -3.8894182
56.6025009 72.1713028 -1.395978
57.9897004 72.1418991 -3.970325
59.3806992 72.3247986 -1.5439379
60.8204003 72.2817001 -4.1984577
62.2659989 72.3069992 -1.649118
63.5689011 72.398201 -3.989528
65.0945969 72.4055023 -1.4986179
66.4065018 72.2250977 -4.0850549
67.7770005 72.4638977 -1.6206081
52.4389992 74.4419022 -0.6534481
52.4844017 76.7381974 -2.373188
53.9056016 74.3632965 -3.065028
55.2966004 74.3945999 -0.640698
55.3002014 76.8482972 -2.3201079
56.5533982 74.4115982 -3.1634178
57.9776002 74.6028977 -0.608438
59.3632012 74.6085968 -3.162108
56.7013016 76.8359986 -4.7901049
58.0970001 76.9145966 -2.3388879
59.4099007 77.084198 -4.9146004
60.7425995 74.6772995 -0.6401282
62.2085991 74.6940995 -3.140198
60.8857002 77.0607986 -2.362308
62.1202011 77.055397 -4.8626634
63.5294991 74.7406998 -0.6321278
65.0196991 74.5798035 -3.210788
66.3058014 74.7176972 -0.7841182
63.6301995 76.9059982 -2.2737379
64.987999 77.1098023 -4.8432622
66.3833008 76.961197 -2.5823479
67.7474976 74.6060028 -3.4544878
69.1296005 74.679802 -0.7779479
69.1605988 77.0030975 -2.408838
53.8991014 79.1187973 -1.623348
55.2809982 79.0818024 -4.1095491
56.7405014 79.2017975 -1.4871681
58.021801 79.3175964 -3.898988
59.4085007 79.4727021 -1.4640081
60.8465004 79.316597 -4.0445809
62.3209992 79.3497009 -1.505728
63.6054001 79.3707962 -3.892968
65.1576996 79.3411026 -1.6353779
66.604599 79.3666992 -4.1384621
67.8610002 79.3308029 -1.6167979
55.1771011 81.4716034 -0.7522578
56.5368004 81.5671997 -3.1706581
57.9054986 81.7424011 -0.6441179
59.3591004 81.6781998 -3.1556079
57.9597016 84.0400009 -2.358258
60.7626992 81.7807999 -0.7392278
62.1977005 81.6214981 -3.1841879
60.8950006 83.9878998 -2.3611281
63.5980988 81.7680969 -0.7753778
65.0378037 81.5796967 -3.213438
66.4492035 81.7472992 -0.7777782
63.5980988 84.074997 -2.512538
55.3115006 69.8363037 2.69995
58.1160011 67.6615982 1.33433
56.6749993 69.8845978 0.325561
58.0163002 69.8812028 2.90985
59.3735008 69.9080964 0.289032
59.4855995 67.6011963 3.69679
60.9617004 67.6854019 1.21182
62.3390999 67.5895005 3.56932
60.7737007 70.0140991 2.72262
62.2756004 69.9627992 0.0624143
63.5797997 70.0149002 2.5266299
64.0363998 67.7242966 1.12339
64.914299 70.0799027 0.118432
66.2238007 69.8758012 2.60781
52.475399 71.9225006 0.960082
53.8642006 72.0477982 3.54543
55.2256012 72.0808029 1.0659
56.6025009 72.1713028 3.55934
57.9897004 72.1418991 0.984993
59.3806992 72.3247986 3.4113801
60.8204003 72.2817001 0.75686
62.2659989 72.3069992 3.3062
63.5689011 72.398201 0.96579
65.0945969 72.4055023 3.4567001
66.4065018 72.2250977 0.870263
67.7770005 72.4638977 3.3347099
69.1685028 72.3722992 0.869285
52.4389992 74.4419022 4.3018699
52.4844017 76.7381974 2.58213
53.9056016 74.3632965 1.89029
55.2966004 74.3945999 4.31462
53.9317018 76.7857971 0.110651
55.3002014 76.8482972 2.6352101
56.5533982 74.4115982 1.7919001
57.9776002 74.6028977 4.34688
59.3632012 74.6085968 1.7932101
56.7013016 76.8359986 0.165213
58.0970001 76.9145966 2.6164301
59.4099007 77.084198 0.0407175
60.7425995 74.6772995 4.3151899
62.2085991 74.6940995 1.81512
60.8857002 77.0607986 2.59301
62.1202011 77.055397 0.0926547
63.5294991 74.7406998 4.3231902
65.0196991 74.5798035 1.74453
66.3058014 74.7176972 4.1711998
63.6301995 76.9059982 2.6815801
64.987999 77.1098023 0.112056
66.3833008 76.961197 2.3729701
67.7474976 74.6060028 1.5008301
69.1296005 74.679802 4.1773701
67.7200012 76.9039994 0.054135
69.1605988 77.0030975 2.54648
52.3942986 79.028801 0.889139
53.8991014 79.1187973 3.33197
55.2809982 79.0818024 0.845769
56.7405014 79.2017975 3.4681499
58.021801 79.3175964 1.05633
59.4085007 79.4727021 3.4913099
60.8465004 79.316597 0.910737
62.3209992 79.3497009 3.44959
63.6054001 79.3707962 1.06235
65.1576996 79.3411026 3.3199401
66.604599 79.3666992 0.8168561
67.8610002 79.3308029 3.3385201
69.2564011 79.353302 0.901349
52.3162003 81.3128967 4.0988402
53.6991997 81.4231034 1.63454
55.1771011 81.4716034 4.2030602
55.1501007 83.8447038 2.6115899
56.5368004 81.5671997 1.78466
57.9054986 81.7424011 4.3112002
59.3591004 81.6781998 1.7997101
56.5173989 84.0053024 0.223598
57.9597016 84.0400009 2.59706
59.2725983 84.032898 0.178328
60.7626992 81.7807999 4.2160902
62.1977005 81.6214981 1.77113
60.8950006 83.9878998 2.5941899
62.2159004 83.9327012 0.0511057
63.5980988 81.7680969 4.1799402
65.0378037 81.5796967 1.7418801
66.4492035 81.7472992 4.1775398
63.5980988 84.074997 2.44278
64.9868012 83.9448014 -0.0299899
66.3751984 83.9616014 2.4951301
67.905899 81.6626969 1.7194801
69.3127976 81.7289963 4.0982399
58.0340004 86.3093033 0.781359
59.3210983 86.3643036 3.2917299
61.0065994 86.387497 0.940702
62.1677017 86.3691025 3.2901399
63.7094002 86.3881989 0.711969
56.6749993 69.8845978 5.280879
58.0163002 69.8812028 7.8651676
59.3735008 69.9080964 5.24435
60.7737007 70.0140991 7.677938
62.2756004 69.9627992 5.0177321
63.5797997 70.0149002 7.4819479
64.914299 70.0799027 5.07375
55.2256012 72.0808029 6.0212178
56.6025009 72.1713028 8.514658
57.9897004 72.1418991 5.940311
59.3806992 72.3247986 8.3666983
60.8204003 72.2817001 5.7121783
62.2659989 72.3069992 8.2615185
63.5689011 72.398201 5.9211078
65.0945969 72.4055023 8.4120178
66.4065018 72.2250977 5.8255811
52.4844017 76.7381974 7.537448
53.9056016 74.3632965 6.8456078
55.2966004 74.3945999 9.2699375
53.9317018 76.7857971 5.065969
55.3002014 76.8482972 7.590528
56.5533982 74.4115982 6.7472182
57.9776002 74.6028977 9.3021984
59.3632012 74.6085968 6.748528
56.7013016 76.8359986 5.1205311
58.0970001 76.9145966 7.5717478
59.4099007 77.084198 4.9960356
60.7425995 74.6772995 9.2705078
62.2085991 74.6940995 6.7704382
60.8857002 77.0607986 7.5483279
62.1202011 77.055397 5.0479727
63.5294991 74.7406998 9.2785082
65.0196991 74.5798035 6.6998482
66.3058014 74.7176972 9.1265183
63.6301995 76.9059982 7.6368981
64.987999 77.1098023 5.0673738
66.3833008 76.961197 7.3282881
67.7474976 74.6060028 6.4561482
67.7200012 76.9039994 5.0094528
69.1605988 77.0030975 7.5017977
52.3942986 79.028801 5.8444572
53.8991014 79.1187973 8.2872877
55.2809982 79.0818024 5.8010869
56.7405014 79.2017975 8.4234677
58.021801 79.3175964 6.0116482
59.4085007 79.4727021 8.4466276
60.8465004 79.316597 5.866055
62.3209992 79.3497009 8.4049082
63.6054001 79.3707962 6.0176678
65.1576996 79.3411026 8.2752581
66.604599 79.3666992 5.7721739
67.8610002 79.3308029 8.2938385
69.2564011 79.353302 5.856667
53.6991997 81.4231034 6.5898581
55.1771011 81.4716034 9.1583786
56.5368004 81.5671997 6.7399779
57.9054986 81.7424011 9.2665177
59.3591004 81.6781998 6.7550278
56.5173989 84.0053024 5.178916
57.9597016 84.0400009 7.5523777
59.2725983 84.032898 5.133646
60.7626992 81.7807999 9.1714077
62.1977005 81.6214981 6.7264481
60.8950006 83.9878998 7.5495081
62.2159004 83.9327012 5.0064235
63.5980988 81.7680969 9.1352577
65.0378037 81.5796967 6.6971979
66.4492035 81.7472992 9.1328583
63.5980988 84.074997 7.398098
64.9868012 83.9448014 4.9253284
67.905899 81.6626969 6.674798
61.0065994 86.387497 5.89602
60.8204003 72.2817001 10.6674958
63.5689011 72.398201 10.8764258
59.3632012 74.6085968 11.703846
56.7013016 76.8359986 10.0758486
59.4099007 77.084198 9.9513532
62.2085991 74.6940995 11.7257557
60.8857002 77.0607986 12.5036459
62.1202011 77.055397 10.0032902
64.987999 77.1098023 10.0226917
58.021801 79.3175964 10.9669658
60.8465004 79.316597 10.821373
63.6054001 79.3707962 10.9729862
